+97203871738
+907137204012
+93916899992
+964503004381
+99577147363
+9625482832
+9621692387
+9853359675
+981462053784
+944189815048
+94433218950
+9049964382
+97081307851
+993075826306
+9705333416
+95732411729
+9875041312
+9751957405
+937250780664
+9781041804
+999743230490
+96845942773
+925626193696
+937226961220
+958486428380
+92634767043
+915239843799
+9270892421
+908600035271
+9563544820
+909051420132
+9366398953
+9189187178
+900132623091
+930539687478
+9503713844
+9162659964
+9341248074
+9970165577
+9197894327
+928970412491
+91705707795
+99906845813
+965102460546
+9434873774
+95800326946
+97116539979
+95674289183
+9261046757
+91282607174
+91739241409
+913390403315
+922196159341
+966850969874
+907063883644
+9375522485
+97249850566
+9952157385
+940260298434
+91046196609
+956040923574
+972207272943
+919006780989
+9156378686
+91468910910
+978483705201
+98026680209
+9102080938
+975738447564
+9335427529
+938836091820
+97532845270
+99817965797
+99658645187
+9628985977
+9460477874
+95208186448
+9379686933
+947513618818
+937271158255
+9144292719
+9706183466
+9873669280
+945937568378
+986238616042
+944640904770
+95312005333
+9500284758
+958907093307
+90802457567
+951504583631
+934046517931
+91614609603
+9973856350
+92575100272
+9282535723
+952228220899
+90048640562
+9082257479
+9526125536